4.631739725753827E-7      4.826338100243795E-7     2.0E13
4.0527722600345985E-7     5.473045837713321E-7     2.0E13
3.47380479431537E-7       6.119753575182845E-7     2.0E13
2.894837328596142E-7      6.766461312652372E-7     2.0E13
2.3158698628769135E-7     7.413169050121897E-7     2.0E13
1.736902397157685E-7      8.059876787591422E-7     2.0E13
1.1579349314384567E-7     8.706584525060949E-7     2.0E13
5.789674657192284E-8      9.353292262530474E-7     2.0E13
0                         1.0E-6                   2.0E13
4.0527722600345985E-7     4.2230458377133204E-7    2.0E13
3.47380479431537E-7       4.869753575182846E-7     2.0E13
2.894837328596142E-7      5.516461312652372E-7     2.0E13
2.3158698628769135E-7     6.163169050121898E-7     2.0E13
1.736902397157685E-7      6.809876787591423E-7     2.0E13
1.1579349314384567E-7     7.456584525060948E-7     2.0E13
5.789674657192284E-8      8.103292262530474E-7     2.0E13
0                         8.75E-7                  2.0E13
3.47380479431537E-7       3.619753575182846E-7     2.0E13
2.894837328596142E-7      4.2664613126523716E-7    2.0E13
2.3158698628769135E-7     4.913169050121897E-7     2.0E13
1.736902397157685E-7      5.559876787591423E-7     2.0E13
1.1579349314384567E-7     6.206584525060949E-7     2.0E13
5.789674657192284E-8      6.853292262530473E-7     2.0E13
0                         7.5E-7                   2.0E13
2.894837328596142E-7      3.016461312652372E-7     2.0E13
2.3158698628769135E-7     3.6631690501218977E-7    2.0E13
1.736902397157685E-7      4.309876787591423E-7     2.0E13
1.1579349314384567E-7     4.956584525060949E-7     2.0E13
5.789674657192284E-8      5.603292262530474E-7     2.0E13
0                         6.249999999999999E-7     2.0E13
2.3158698628769135E-7     2.4131690501218975E-7    2.0E13
1.736902397157685E-7      3.0598767875914226E-7    2.0E13
1.1579349314384567E-7     3.7065845250609484E-7    2.0E13
5.789674657192284E-8      4.3532922625304746E-7    2.0E13
0                         5.0E-7                   2.0E13
1.736902397157685E-7      1.809876787591423E-7     2.0E13
1.1579349314384567E-7     2.4565845250609487E-7    2.0E13
5.789674657192284E-8      3.1032922625304744E-7    2.0E13
0                         3.75E-7                  2.0E13
1.1579349314384567E-7     1.2065845250609487E-7    2.0E13
5.789674657192284E-8      1.8532922625304742E-7    2.0E13
0                         2.5E-7                   2.0E13
5.789674657192284E-8      6.032922625304744E-8     2.0E13
0                         1.25E-7                  2.0E13
0                         0                        2.0E13
5.302772260034599E-7      4.2230458377133204E-7    2.0E13
4.7238047943153707E-7     3.619753575182846E-7     2.0E13
4.144837328596143E-7      3.016461312652372E-7     2.0E13
3.565869862876915E-7      2.4131690501218975E-7    2.0E13
2.986902397157686E-7      1.809876787591423E-7     2.0E13
2.407934931438458E-7      1.2065845250609487E-7    2.0E13
1.8289674657192292E-7     6.032922625304744E-8     2.0E13
1.250000000000001E-7      0                        2.0E13
5.973804794315373E-7      3.619753575182846E-7     2.0E13
5.394837328596144E-7      3.016461312652372E-7     2.0E13
4.815869862876915E-7      2.4131690501218975E-7    2.0E13
4.236902397157687E-7      1.809876787591423E-7     2.0E13
3.6579349314384585E-7     1.2065845250609487E-7    2.0E13
3.0789674657192305E-7     6.032922625304744E-8     2.0E13
2.500000000000002E-7      0                        2.0E13
6.644837328596146E-7      3.016461312652372E-7     2.0E13
6.065869862876916E-7      2.4131690501218975E-7    2.0E13
5.486902397157689E-7      1.809876787591423E-7     2.0E13
4.90793493143846E-7       1.2065845250609487E-7    2.0E13
4.328967465719232E-7      6.032922625304744E-8     2.0E13
3.7500000000000033E-7     0                        2.0E13
7.315869862876917E-7      2.4131690501218975E-7    2.0E13
6.73690239715769E-7       1.809876787591423E-7     2.0E13
6.157934931438461E-7      1.2065845250609487E-7    2.0E13
5.578967465719233E-7      6.032922625304744E-8     2.0E13
5.000000000000004E-7      0                        2.0E13
7.98690239715769E-7       1.809876787591423E-7     2.0E13
7.407934931438462E-7      1.2065845250609487E-7    2.0E13
6.828967465719233E-7      6.032922625304744E-8     2.0E13
6.250000000000005E-7      0                        2.0E13
8.657934931438464E-7      1.2065845250609487E-7    2.0E13
8.078967465719235E-7      6.032922625304744E-8     2.0E13
7.500000000000007E-7      0                        2.0E13
9.328967465719236E-7      6.032922625304744E-8     2.0E13
8.750000000000007E-7      0                        2.0E13
1.0000000000000008E-6     0                        2.0E13
4.036148313492064E-7      1.4225467096560847E-6    2.0E13
3.531629774305556E-7      1.494728370949074E-6     2.0E13
3.0271112351190477E-7     1.5669100322420635E-6    2.0E13
2.52259269593254E-7       1.6390916935350529E-6    2.0E13
2.018074156746032E-7      1.7112733548280422E-6    2.0E13
1.5135556175595239E-7     1.7834550161210315E-6    2.0E13
1.009037078373016E-7      1.8556366774140213E-6    2.0E13
5.04518539186508E-8       1.9278183387070106E-6    2.0E13
0                         2.0E-6                   2.0E13
3.531629774305556E-7      1.3697283709490741E-6    2.0E13
3.0271112351190477E-7     1.4419100322420635E-6    2.0E13
2.52259269593254E-7       1.514091693535053E-6     2.0E13
2.018074156746032E-7      1.5862733548280425E-6    2.0E13
1.5135556175595239E-7     1.6584550161210319E-6    2.0E13
1.009037078373016E-7      1.7306366774140212E-6    2.0E13
5.04518539186508E-8       1.8028183387070107E-6    2.0E13
0                         1.875E-6                 2.0E13
3.0271112351190477E-7     1.3169100322420634E-6    2.0E13
2.52259269593254E-7       1.389091693535053E-6     2.0E13
2.018074156746032E-7      1.4612733548280423E-6    2.0E13
1.5135556175595239E-7     1.5334550161210316E-6    2.0E13
1.009037078373016E-7      1.6056366774140211E-6    2.0E13
5.04518539186508E-8       1.6778183387070104E-6    2.0E13
0                         1.75E-6                  2.0E13
2.52259269593254E-7       1.264091693535053E-6     2.0E13
2.018074156746032E-7      1.3362733548280424E-6    2.0E13
1.5135556175595239E-7     1.4084550161210317E-6    2.0E13
1.009037078373016E-7      1.4806366774140213E-6    2.0E13
5.04518539186508E-8       1.5528183387070106E-6    2.0E13
0                         1.625E-6                 2.0E13
2.018074156746032E-7      1.2112733548280423E-6    2.0E13
1.5135556175595239E-7     1.2834550161210316E-6    2.0E13
1.009037078373016E-7      1.355636677414021E-6     2.0E13
5.04518539186508E-8       1.4278183387070107E-6    2.0E13
0                         1.5E-6                   2.0E13
1.5135556175595239E-7     1.1584550161210316E-6    2.0E13
1.009037078373016E-7      1.230636677414021E-6     2.0E13
5.04518539186508E-8       1.3028183387070106E-6    2.0E13
0                         1.375E-6                 2.0E13
1.009037078373016E-7      1.1056366774140212E-6    2.0E13
5.04518539186508E-8       1.1778183387070106E-6    2.0E13
0                         1.2499999999999999E-6    2.0E13
5.04518539186508E-8       1.0528183387070105E-6    2.0E13
0                         1.125E-6                 2.0E13
1.659679665509099E-6      7.045000547066988E-7     2.0E13
1.5772197073204617E-6     6.164375478683615E-7     2.0E13
1.4947597491318244E-6     5.283750410300241E-7     2.0E13
1.4122997909431872E-6     4.4031253419168677E-7    2.0E13
1.32983983275455E-6       3.522500273533494E-7     2.0E13
1.2473798745659126E-6     2.6418752051501206E-7    2.0E13
1.1649199163772753E-6     1.761250136766747E-7     2.0E13
1.082459958188638E-6      8.806250683833735E-8     2.0E13
1.7022197073204618E-6     6.164375478683615E-7     2.0E13
1.6197597491318243E-6     5.283750410300241E-7     2.0E13
1.5372997909431872E-6     4.4031253419168677E-7    2.0E13
1.4548398327545498E-6     3.522500273533494E-7     2.0E13
1.3723798745659127E-6     2.6418752051501206E-7    2.0E13
1.2899199163772752E-6     1.761250136766747E-7     2.0E13
1.2074599581886381E-6     8.806250683833735E-8     2.0E13
1.1250000000000007E-6     0                        2.0E13
1.7447597491318244E-6     5.283750410300241E-7     2.0E13
1.662299790943187E-6      4.4031253419168677E-7    2.0E13
1.5798398327545498E-6     3.522500273533494E-7     2.0E13
1.4973798745659126E-6     2.6418752051501206E-7    2.0E13
1.4149199163772753E-6     1.761250136766747E-7     2.0E13
1.3324599581886378E-6     8.806250683833735E-8     2.0E13
1.2500000000000007E-6     0                        2.0E13
1.787299790943187E-6      4.4031253419168677E-7    2.0E13
1.70483983275455E-6       3.522500273533494E-7     2.0E13
1.6223798745659124E-6     2.6418752051501206E-7    2.0E13
1.5399199163772754E-6     1.761250136766747E-7     2.0E13
1.4574599581886379E-6     8.806250683833735E-8     2.0E13
1.3750000000000006E-6     0                        2.0E13
1.8298398327545496E-6     3.522500273533494E-7     2.0E13
1.7473798745659125E-6     2.6418752051501206E-7    2.0E13
1.664919916377275E-6      1.761250136766747E-7     2.0E13
1.582459958188638E-6      8.806250683833735E-8     2.0E13
1.5000000000000005E-6     0                        2.0E13
1.8723798745659126E-6     2.6418752051501206E-7    2.0E13
1.789919916377275E-6      1.761250136766747E-7     2.0E13
1.707459958188638E-6      8.806250683833735E-8     2.0E13
1.6250000000000005E-6     0                        2.0E13
1.914919916377275E-6      1.761250136766747E-7     2.0E13
1.8324599581886377E-6     8.806250683833735E-8     2.0E13
1.7500000000000004E-6     0                        2.0E13
1.9574599581886377E-6     8.806250683833735E-8     2.0E13
1.8750000000000003E-6     0                        2.0E13
2.0000000000000003E-6     0                        2.0E13
5.926723776750283E-7      2.416264799018566E-6     2.0E13
5.185883304656498E-7      2.489231699141245E-6     2.0E13
4.445042832562712E-7      2.5621985992639248E-6    2.0E13
3.704202360468927E-7      2.6351654993866037E-6    2.0E13
2.9633618883751416E-7     2.708132399509283E-6     2.0E13
2.222521416281356E-7      2.7810992996319624E-6    2.0E13
1.4816809441875708E-7     2.8540661997546414E-6    2.0E13
7.408404720937854E-8      2.927033099877321E-6     2.0E13
0                         3.0E-6                   2.0E13
5.185883304656498E-7      2.3642316991412453E-6    2.0E13
4.445042832562712E-7      2.4371985992639247E-6    2.0E13
3.704202360468927E-7      2.510165499386604E-6     2.0E13
2.9633618883751416E-7     2.583132399509283E-6     2.0E13
2.222521416281356E-7      2.6560992996319624E-6    2.0E13
1.4816809441875708E-7     2.7290661997546417E-6    2.0E13
7.408404720937854E-8      2.802033099877321E-6     2.0E13
0                         2.8750000000000004E-6    2.0E13
4.445042832562712E-7      2.3121985992639246E-6    2.0E13
3.704202360468927E-7      2.385165499386604E-6     2.0E13
2.9633618883751416E-7     2.458132399509283E-6     2.0E13
2.222521416281356E-7      2.5310992996319623E-6    2.0E13
1.4816809441875708E-7     2.6040661997546416E-6    2.0E13
7.408404720937854E-8      2.6770330998773206E-6    2.0E13
0                         2.75E-6                  2.0E13
3.704202360468927E-7      2.260165499386604E-6     2.0E13
2.9633618883751416E-7     2.333132399509283E-6     2.0E13
2.222521416281356E-7      2.406099299631962E-6     2.0E13
1.4816809441875708E-7     2.4790661997546416E-6    2.0E13
7.408404720937854E-8      2.552033099877321E-6     2.0E13
0                         2.6250000000000003E-6    2.0E13
2.9633618883751416E-7     2.208132399509283E-6     2.0E13
2.222521416281356E-7      2.281099299631962E-6     2.0E13
1.4816809441875708E-7     2.3540661997546415E-6    2.0E13
7.408404720937854E-8      2.427033099877321E-6     2.0E13
0                         2.4999999999999998E-6    2.0E13
2.222521416281356E-7      2.156099299631962E-6     2.0E13
1.4816809441875708E-7     2.2290661997546414E-6    2.0E13
7.408404720937854E-8      2.3020330998773208E-6    2.0E13
0                         2.375E-6                 2.0E13
1.4816809441875708E-7     2.1040661997546418E-6    2.0E13
7.408404720937854E-8      2.1770330998773207E-6    2.0E13
0                         2.25E-6                  2.0E13
7.408404720937854E-8      2.0520330998773206E-6    2.0E13
0                         2.125E-6                 2.0E13
2.3711323830957836E-6     5.635059501888238E-7     2.0E13
2.324740835208811E-6      4.930677064152209E-7     2.0E13
2.278349287321838E-6      4.2262946264161785E-7    2.0E13
2.2319577394348647E-6     3.521912188680149E-7     2.0E13
2.185566191547892E-6      2.817529750944119E-7     2.0E13
2.1391746436609193E-6     2.1131473132080892E-7    2.0E13
2.092783095773946E-6      1.4087648754720596E-7    2.0E13
2.046391547886973E-6      7.043824377360298E-8     2.0E13
2.449740835208811E-6      4.930677064152209E-7     2.0E13
2.403349287321838E-6      4.2262946264161785E-7    2.0E13
2.3569577394348648E-6     3.521912188680149E-7     2.0E13
2.3105661915478916E-6     2.817529750944119E-7     2.0E13
2.2641746436609194E-6     2.1131473132080892E-7    2.0E13
2.2177830957739462E-6     1.4087648754720596E-7    2.0E13
2.171391547886973E-6      7.043824377360298E-8     2.0E13
2.125E-6                  0                        2.0E13
2.5283492873218375E-6     4.2262946264161785E-7    2.0E13
2.481957739434865E-6      3.521912188680149E-7     2.0E13
2.435566191547892E-6      2.817529750944119E-7     2.0E13
2.389174643660919E-6      2.1131473132080892E-7    2.0E13
2.342783095773946E-6      1.4087648754720596E-7    2.0E13
2.296391547886973E-6      7.043824377360298E-8     2.0E13
2.2500000000000005E-6     0                        2.0E13
2.606957739434865E-6      3.521912188680149E-7     2.0E13
2.5605661915478918E-6     2.817529750944119E-7     2.0E13
2.5141746436609187E-6     2.1131473132080892E-7    2.0E13
2.4677830957739464E-6     1.4087648754720596E-7    2.0E13
2.4213915478869733E-6     7.043824377360298E-8     2.0E13
2.375E-6                  0                        2.0E13
2.685566191547892E-6      2.817529750944119E-7     2.0E13
2.639174643660919E-6      2.1131473132080892E-7    2.0E13
2.592783095773946E-6      1.4087648754720596E-7    2.0E13
2.546391547886973E-6      7.043824377360298E-8     2.0E13
2.5E-6                    0                        2.0E13
2.764174643660919E-6      2.1131473132080892E-7    2.0E13
2.717783095773946E-6      1.4087648754720596E-7    2.0E13
2.671391547886973E-6      7.043824377360298E-8     2.0E13
2.6250000000000003E-6     0                        2.0E13
2.842783095773946E-6      1.4087648754720596E-7    2.0E13
2.796391547886973E-6      7.043824377360298E-8     2.0E13
2.75E-6                   0                        2.0E13
2.921391547886973E-6      7.043824377360298E-8     2.0E13
2.8750000000000004E-6     0                        2.0E13
3.0E-6                    0                        2.0E13
6.435883304656498E-7      2.489231699141245E-6     2.0E13
6.945042832562711E-7      2.5621985992639248E-6    2.0E13
7.454202360468927E-7      2.6351654993866037E-6    2.0E13
7.963361888375141E-7      2.708132399509283E-6     2.0E13
8.472521416281356E-7      2.7810992996319624E-6    2.0E13
8.981680944187571E-7      2.8540661997546414E-6    2.0E13
9.490840472093785E-7      2.927033099877321E-6     2.0E13
1.0E-6                    3.0E-6                   2.0E13
5.695042832562712E-7      2.5621985992639248E-6    2.0E13
6.204202360468928E-7      2.6351654993866037E-6    2.0E13
6.713361888375142E-7      2.7081323995092826E-6    2.0E13
7.222521416281356E-7      2.7810992996319624E-6    2.0E13
7.73168094418757E-7       2.8540661997546414E-6    2.0E13
8.240840472093785E-7      2.927033099877321E-6     2.0E13
8.75E-7                   3.0E-6                   2.0E13
4.954202360468927E-7      2.6351654993866037E-6    2.0E13
5.463361888375141E-7      2.708132399509283E-6     2.0E13
5.972521416281356E-7      2.7810992996319624E-6    2.0E13
6.481680944187571E-7      2.8540661997546418E-6    2.0E13
6.990840472093784E-7      2.9270330998773207E-6    2.0E13
7.5E-7                    3.0E-6                   2.0E13
4.213361888375142E-7      2.708132399509283E-6     2.0E13
4.722521416281356E-7      2.7810992996319624E-6    2.0E13
5.231680944187571E-7      2.8540661997546414E-6    2.0E13
5.740840472093785E-7      2.927033099877321E-6     2.0E13
6.249999999999999E-7      3.0E-6                   2.0E13
3.4725214162813557E-7     2.7810992996319624E-6    2.0E13
3.9816809441875704E-7     2.8540661997546414E-6    2.0E13
4.4908404720937856E-7     2.9270330998773207E-6    2.0E13
5.0E-7                    3.0E-6                   2.0E13
2.7316809441875707E-7     2.8540661997546414E-6    2.0E13
3.2408404720937854E-7     2.927033099877321E-6     2.0E13
3.75E-7                   3.0E-6                   2.0E13
1.9908404720937852E-7     2.9270330998773207E-6    2.0E13
2.5E-7                    3.0E-6                   2.0E13
1.25E-7                   3.0E-6                   2.0E13
2.449740835208811E-6      6.18067706415221E-7      2.0E13
2.5283492873218375E-6     5.476294626416179E-7     2.0E13
2.606957739434865E-6      4.77191218868015E-7      2.0E13
2.6855661915478914E-6     4.0675297509441204E-7    2.0E13
2.764174643660919E-6      3.36314731320809E-7      2.0E13
2.842783095773946E-6      2.6587648754720606E-7    2.0E13
2.9213915478869727E-6     1.9543824377360307E-7    2.0E13
3.0E-6                    1.250000000000001E-7     2.0E13
2.5283492873218375E-6     6.72629462641618E-7      2.0E13
2.606957739434865E-6      6.021912188680151E-7     2.0E13
2.685566191547892E-6      5.317529750944121E-7     2.0E13
2.764174643660919E-6      4.613147313208091E-7     2.0E13
2.8427830957739458E-6     3.9087648754720613E-7    2.0E13
2.921391547886973E-6      3.204382437736032E-7     2.0E13
3.0E-6                    2.500000000000002E-7     2.0E13
2.606957739434865E-6      7.271912188680152E-7     2.0E13
2.685566191547892E-6      6.567529750944122E-7     2.0E13
2.764174643660919E-6      5.863147313208093E-7     2.0E13
2.842783095773946E-6      5.158764875472063E-7     2.0E13
2.9213915478869727E-6     4.454382437736033E-7     2.0E13
3.0E-6                    3.7500000000000033E-7    2.0E13
2.685566191547892E-6      7.817529750944123E-7     2.0E13
2.764174643660919E-6      7.113147313208093E-7     2.0E13
2.842783095773946E-6      6.408764875472064E-7     2.0E13
2.921391547886973E-6      5.704382437736033E-7     2.0E13
3.0E-6                    5.000000000000004E-7     2.0E13
2.764174643660919E-6      8.363147313208094E-7     2.0E13
2.842783095773946E-6      7.658764875472065E-7     2.0E13
2.9213915478869727E-6     6.954382437736034E-7     2.0E13
3.0E-6                    6.250000000000005E-7     2.0E13
2.842783095773946E-6      8.908764875472066E-7     2.0E13
2.921391547886973E-6      8.204382437736036E-7     2.0E13
3.0E-6                    7.500000000000007E-7     2.0E13
2.921391547886973E-6      9.454382437736037E-7     2.0E13
3.0E-6                    8.750000000000007E-7     2.0E13
3.0E-6                    1.0000000000000008E-6    2.0E13
1.5130017795077378E-6     2.649550720240474E-6     2.0E13
1.5738765570692704E-6     2.6933568802104146E-6    2.0E13
1.634751334630803E-6      2.7371630401803553E-6    2.0E13
1.6956261121923362E-6     2.780969200150296E-6     2.0E13
1.7565008897538688E-6     2.824775360120237E-6     2.0E13
1.8173756673154015E-6     2.8685815200901775E-6    2.0E13
1.8782504448769346E-6     2.9123876800601186E-6    2.0E13
1.939125222438467E-6      2.9561938400300594E-6    2.0E13
2.0E-6                    3.0E-6                   2.0E13
1.4488765570692706E-6     2.6933568802104146E-6    2.0E13
1.5097513346308032E-6     2.737163040180355E-6     2.0E13
1.5706261121923363E-6     2.780969200150296E-6     2.0E13
1.631500889753869E-6      2.824775360120237E-6     2.0E13
1.6923756673154016E-6     2.8685815200901775E-6    2.0E13
1.7532504448769345E-6     2.9123876800601186E-6    2.0E13
1.8141252224384674E-6     2.956193840030059E-6     2.0E13
1.875E-6                  3.0E-6                   2.0E13
1.3847513346308031E-6     2.7371630401803553E-6    2.0E13
1.445626112192336E-6      2.7809692001502965E-6    2.0E13
1.506500889753869E-6      2.8247753601202368E-6    2.0E13
1.5673756673154016E-6     2.868581520090178E-6     2.0E13
1.6282504448769342E-6     2.9123876800601186E-6    2.0E13
1.689125222438467E-6      2.9561938400300594E-6    2.0E13
1.75E-6                   3.0E-6                   2.0E13
1.3206261121923362E-6     2.780969200150296E-6     2.0E13
1.3815008897538688E-6     2.824775360120237E-6     2.0E13
1.4423756673154017E-6     2.8685815200901775E-6    2.0E13
1.5032504448769346E-6     2.9123876800601186E-6    2.0E13
1.5641252224384672E-6     2.9561938400300594E-6    2.0E13
1.625E-6                  3.0E-6                   2.0E13
1.256500889753869E-6      2.824775360120237E-6     2.0E13
1.3173756673154014E-6     2.8685815200901775E-6    2.0E13
1.3782504448769343E-6     2.9123876800601186E-6    2.0E13
1.4391252224384672E-6     2.9561938400300594E-6    2.0E13
1.5E-6                    3.0E-6                   2.0E13
1.1923756673154016E-6     2.8685815200901775E-6    2.0E13
1.2532504448769344E-6     2.9123876800601186E-6    2.0E13
1.314125222438467E-6      2.9561938400300594E-6    2.0E13
1.375E-6                  3.0E-6                   2.0E13
1.1282504448769346E-6     2.9123876800601186E-6    2.0E13
1.1891252224384672E-6     2.9561938400300594E-6    2.0E13
1.2499999999999999E-6     3.0E-6                   2.0E13
1.0641252224384672E-6     2.9561938400300594E-6    2.0E13
1.125E-6                  3.0E-6                   2.0E13
2.36851532993984E-6       1.7609245286539558E-6    2.0E13
2.4474509136973597E-6     1.6658089625722113E-6    2.0E13
2.52638649745488E-6       1.570693396490467E-6     2.0E13
2.6053220812124E-6        1.4755778304087228E-6    2.0E13
2.68425766496992E-6       1.3804622643269783E-6    2.0E13
2.76319324872744E-6       1.2853466982452338E-6    2.0E13
2.84212883248496E-6       1.1902311321634895E-6    2.0E13
2.9210644162424805E-6     1.0951155660817453E-6    2.0E13
2.4474509136973597E-6     1.7908089625722114E-6    2.0E13
2.52638649745488E-6       1.6956933964904671E-6    2.0E13
2.6053220812123997E-6     1.6005778304087224E-6    2.0E13
2.68425766496992E-6       1.5054622643269782E-6    2.0E13
2.7631932487274397E-6     1.4103466982452339E-6    2.0E13
2.84212883248496E-6       1.3152311321634896E-6    2.0E13
2.9210644162424797E-6     1.2201155660817454E-6    2.0E13
3.0E-6                    1.1250000000000007E-6    2.0E13
2.52638649745488E-6       1.820693396490467E-6     2.0E13
2.6053220812124E-6        1.7255778304087225E-6    2.0E13
2.68425766496992E-6       1.6304622643269782E-6    2.0E13
2.76319324872744E-6       1.5353466982452338E-6    2.0E13
2.84212883248496E-6       1.4402311321634895E-6    2.0E13
2.92106441624248E-6       1.345115566081745E-6     2.0E13
3.0E-6                    1.2500000000000007E-6    2.0E13
2.6053220812124E-6        1.8505778304087226E-6    2.0E13
2.68425766496992E-6       1.7554622643269783E-6    2.0E13
2.76319324872744E-6       1.6603466982452336E-6    2.0E13
2.84212883248496E-6       1.5652311321634893E-6    2.0E13
2.92106441624248E-6       1.470115566081745E-6     2.0E13
3.0E-6                    1.3750000000000006E-6    2.0E13
2.68425766496992E-6       1.880462264326978E-6     2.0E13
2.76319324872744E-6       1.7853466982452337E-6    2.0E13
2.84212883248496E-6       1.6902311321634894E-6    2.0E13
2.92106441624248E-6       1.595115566081745E-6     2.0E13
3.0E-6                    1.5000000000000005E-6    2.0E13
2.76319324872744E-6       1.9103466982452338E-6    2.0E13
2.84212883248496E-6       1.8152311321634895E-6    2.0E13
2.92106441624248E-6       1.720115566081745E-6     2.0E13
3.0E-6                    1.6250000000000005E-6    2.0E13
2.84212883248496E-6       1.940231132163489E-6     2.0E13
2.92106441624248E-6       1.8451155660817449E-6    2.0E13
3.0E-6                    1.7500000000000004E-6    2.0E13
2.9210644162424805E-6     1.9701155660817445E-6    2.0E13
3.0E-6                    1.8750000000000003E-6    2.0E13
3.0E-6                    2.0000000000000003E-6    2.0E13
2.442405928005847E-6      2.41449407512169E-6      2.0E13
2.5121051870051164E-6     2.4876823157314784E-6    2.0E13
2.5818044460043853E-6     2.5608705563412677E-6    2.0E13
2.6515037050036542E-6     2.634058796951056E-6     2.0E13
2.7212029640029236E-6     2.707247037560845E-6     2.0E13
2.790902223002193E-6      2.780435278170634E-6     2.0E13
2.860601482001462E-6      2.8536235187804223E-6    2.0E13
2.930300741000731E-6      2.9268117593902116E-6    2.0E13
3.0E-6                    3.0E-6                   2.0E13
2.3871051870051163E-6     2.4876823157314784E-6    2.0E13
2.4568044460043853E-6     2.5608705563412677E-6    2.0E13
2.5265037050036546E-6     2.634058796951056E-6     2.0E13
2.596202964002924E-6      2.7072470375608446E-6    2.0E13
2.665902223002193E-6      2.780435278170634E-6     2.0E13
2.7356014820014618E-6     2.8536235187804223E-6    2.0E13
2.805300741000731E-6      2.9268117593902116E-6    2.0E13
2.8750000000000004E-6     3.0E-6                   2.0E13
2.331804446004385E-6      2.5608705563412677E-6    2.0E13
2.4015037050036545E-6     2.634058796951056E-6     2.0E13
2.4712029640029234E-6     2.707247037560845E-6     2.0E13
2.5409022230021923E-6     2.780435278170634E-6     2.0E13
2.6106014820014617E-6     2.8536235187804228E-6    2.0E13
2.680300741000731E-6      2.926811759390211E-6     2.0E13
2.75E-6                   3.0E-6                   2.0E13
2.2765037050036544E-6     2.634058796951056E-6     2.0E13
2.3462029640029238E-6     2.707247037560845E-6     2.0E13
2.4159022230021927E-6     2.780435278170634E-6     2.0E13
2.4856014820014616E-6     2.8536235187804223E-6    2.0E13
2.555300741000731E-6      2.9268117593902116E-6    2.0E13
2.6250000000000003E-6     3.0E-6                   2.0E13
2.2212029640029233E-6     2.707247037560845E-6     2.0E13
2.2909022230021926E-6     2.780435278170634E-6     2.0E13
2.360601482001462E-6      2.8536235187804223E-6    2.0E13
2.430300741000731E-6      2.926811759390211E-6     2.0E13
2.4999999999999998E-6     3.0E-6                   2.0E13
2.1659022230021925E-6     2.780435278170634E-6     2.0E13
2.2356014820014615E-6     2.8536235187804223E-6    2.0E13
2.305300741000731E-6      2.9268117593902116E-6    2.0E13
2.375E-6                  3.0E-6                   2.0E13
2.110601482001462E-6      2.8536235187804223E-6    2.0E13
2.180300741000731E-6      2.926811759390211E-6     2.0E13
2.25E-6                   3.0E-6                   2.0E13
2.0553007410007306E-6     2.9268117593902116E-6    2.0E13
2.125E-6                  3.0E-6                   2.0E13
2.5121051870051164E-6     2.3626823157314788E-6    2.0E13
2.5818044460043853E-6     2.3108705563412676E-6    2.0E13
2.6515037050036542E-6     2.2590587969510564E-6    2.0E13
2.7212029640029236E-6     2.207247037560845E-6     2.0E13
2.790902223002193E-6      2.155435278170634E-6     2.0E13
2.860601482001462E-6      2.1036235187804227E-6    2.0E13
2.930300741000731E-6      2.0518117593902115E-6    2.0E13
2.581804446004385E-6      2.435870556341267E-6     2.0E13
2.6515037050036542E-6     2.384058796951056E-6     2.0E13
2.7212029640029236E-6     2.332247037560845E-6     2.0E13
2.790902223002193E-6      2.2804352781706336E-6    2.0E13
2.8606014820014614E-6     2.228623518780423E-6     2.0E13
2.9303007410007307E-6     2.176811759390211E-6     2.0E13
3.0E-6                    2.125E-6                 2.0E13
2.6515037050036542E-6     2.5090587969510565E-6    2.0E13
2.7212029640029236E-6     2.4572470375608453E-6    2.0E13
2.7909022230021925E-6     2.405435278170634E-6     2.0E13
2.860601482001462E-6      2.353623518780423E-6     2.0E13
2.930300741000731E-6      2.3018117593902117E-6    2.0E13
3.0E-6                    2.2500000000000005E-6    2.0E13
2.7212029640029236E-6     2.582247037560845E-6     2.0E13
2.790902223002193E-6      2.5304352781706337E-6    2.0E13
2.860601482001462E-6      2.4786235187804225E-6    2.0E13
2.9303007410007307E-6     2.4268117593902113E-6    2.0E13
3.0E-6                    2.375E-6                 2.0E13
2.790902223002193E-6      2.655435278170634E-6     2.0E13
2.860601482001462E-6      2.6036235187804226E-6    2.0E13
2.9303007410007307E-6     2.5518117593902114E-6    2.0E13
3.0E-6                    2.5E-6                   2.0E13
2.860601482001462E-6      2.7286235187804227E-6    2.0E13
2.9303007410007307E-6     2.6768117593902115E-6    2.0E13
3.0E-6                    2.6250000000000003E-6    2.0E13
2.9303007410007307E-6     2.801811759390211E-6     2.0E13
3.0E-6                    2.75E-6                  2.0E13
3.0E-6                    2.8750000000000004E-6    2.0E13
5.099262413049894E-7      5.457651710910722E-7     2.0E13
5.566785100345962E-7      6.088965321577649E-7     2.0E13
6.034307787642029E-7      6.720278932244576E-7     2.0E13
6.501830474938098E-7      7.351592542911504E-7     2.0E13
6.969353162234164E-7      7.98290615357843E-7      2.0E13
7.436875849530233E-7      8.614219764245358E-7     2.0E13
7.9043985368263E-7        9.245533374912284E-7     2.0E13
8.371921224122368E-7      9.876846985579212E-7     2.0E13
4.520294947330666E-7      6.104359448380247E-7     2.0E13
4.987817634626733E-7      6.735673059047175E-7     2.0E13
5.455340321922802E-7      7.366986669714102E-7     2.0E13
5.922863009218868E-7      7.998300280381029E-7     2.0E13
6.390385696514937E-7      8.629613891047956E-7     2.0E13
6.857908383811004E-7      9.260927501714883E-7     2.0E13
7.325431071107072E-7      9.892241112381811E-7     2.0E13
3.941327481611438E-7      6.751067185849774E-7     2.0E13
4.4088501689075054E-7     7.3823807965167E-7       2.0E13
4.876372856203572E-7      8.013694407183627E-7     2.0E13
5.343895543499641E-7      8.645008017850555E-7     2.0E13
5.811418230795708E-7      9.276321628517482E-7     2.0E13
6.278940918091776E-7      9.907635239184408E-7     2.0E13
3.3623600158922094E-7     7.3977749233193E-7       2.0E13
3.829882703188277E-7      8.029088533986226E-7     2.0E13
4.297405390484345E-7      8.660402144653154E-7     2.0E13
4.7649280777804123E-7     9.29171575532008E-7      2.0E13
5.23245076507648E-7       9.923029365987007E-7     2.0E13
2.783392550172981E-7      8.044482660788824E-7     2.0E13
3.250915237469049E-7      8.675796271455752E-7     2.0E13
3.7184379247651164E-7     9.307109882122678E-7     2.0E13
4.185960612061184E-7      9.938423492789605E-7     2.0E13
2.2044250844537527E-7     8.69119039825835E-7      2.0E13
2.6719477717498204E-7     9.322504008925277E-7     2.0E13
3.139470459045888E-7      9.953817619592204E-7     2.0E13
1.6254576187345245E-7     9.337898135727877E-7     2.0E13
2.092980306030592E-7      9.969211746394803E-7     2.0E13
1.046490153015296E-7      9.984605873197402E-7     2.0E13
4.578119927320852E-7      1.3681889582688142E-6    2.0E13
4.0736013881343437E-7     1.3153706195618037E-6    2.0E13
3.569082848947836E-7      1.2625522808547931E-6    2.0E13
3.064564309761328E-7      1.2097339421477824E-6    2.0E13
2.56004577057482E-7       1.1569156034407719E-6    2.0E13
2.055527231388312E-7      1.1040972647337613E-6    2.0E13
1.551008692201804E-7      1.0512789260267508E-6    2.0E13
5.12009154114964E-7       1.3138312068815438E-6    2.0E13
4.615573001963132E-7      1.2610128681745332E-6    2.0E13
4.111054462776624E-7      1.2081945294675227E-6    2.0E13
3.606535923590116E-7      1.1553761907605121E-6    2.0E13
3.102017384403608E-7      1.1025578520535014E-6    2.0E13
2.5974988452170997E-7     1.0497395133464909E-6    2.0E13
5.662063154978428E-7      1.2594734554942733E-6    2.0E13
5.15754461579192E-7       1.2066551167872628E-6    2.0E13
4.6530260766054117E-7     1.1538367780802522E-6    2.0E13
4.148507537418904E-7      1.1010184393732417E-6    2.0E13
3.6439889982323956E-7     1.0482001006662311E-6    2.0E13
6.204034768807216E-7      1.205115704107003E-6     2.0E13
5.699516229620707E-7      1.1522973653999923E-6    2.0E13
5.194997690434199E-7      1.0994790266929818E-6    2.0E13
4.6904791512476916E-7     1.0466606879859712E-6    2.0E13
6.746006382636003E-7      1.1507579527197324E-6    2.0E13
6.241487843449495E-7      1.097939614012722E-6     2.0E13
5.736969304262988E-7      1.0451212753057113E-6    2.0E13
7.287977996464791E-7      1.0964002013324621E-6    2.0E13
6.783459457278284E-7      1.0435818626254514E-6    2.0E13
7.829949610293579E-7      1.0420424499451916E-6    2.0E13
5.770294947330667E-7      4.854359448380247E-7     2.0E13
6.44132748161144E-7       4.2510671858497734E-7    2.0E13
7.112360015892212E-7      3.647774923319299E-7     2.0E13
7.783392550172985E-7      3.0444826607888244E-7    2.0E13
8.454425084453758E-7      2.4411903982583505E-7    2.0E13
9.125457618734531E-7      1.837898135727876E-7     2.0E13
9.796490153015303E-7      1.2346058731974015E-7    2.0E13
6.237817634626735E-7      5.485673059047175E-7     2.0E13
6.908850168907507E-7      4.882380796516701E-7     2.0E13
7.579882703188281E-7      4.279088533986226E-7     2.0E13
8.250915237469053E-7      3.675796271455752E-7     2.0E13
8.921947771749825E-7      3.0725040089252775E-7    2.0E13
9.592980306030598E-7      2.469211746394803E-7     2.0E13
6.705340321922803E-7      6.116986669714102E-7     2.0E13
7.376372856203575E-7      5.513694407183627E-7     2.0E13
8.047405390484348E-7      4.910402144653153E-7     2.0E13
8.71843792476512E-7       4.307109882122679E-7     2.0E13
9.389470459045893E-7      3.7038176195922044E-7    2.0E13
7.17286300921887E-7       6.748300280381029E-7     2.0E13
7.843895543499642E-7      6.145008017850555E-7     2.0E13
8.514928077780416E-7      5.54171575532008E-7      2.0E13
9.185960612061188E-7      4.938423492789606E-7     2.0E13
7.640385696514938E-7      7.379613891047956E-7     2.0E13
8.311418230795711E-7      6.776321628517481E-7     2.0E13
8.982450765076483E-7      6.173029365987007E-7     2.0E13
8.107908383811005E-7      8.010927501714883E-7     2.0E13
8.778940918091777E-7      7.407635239184409E-7     2.0E13
8.575431071107072E-7      8.64224111238181E-7      2.0E13
4.485131063868599E-7      1.4666450827309874E-6    2.0E13
5.027102677697387E-7      1.412287331343717E-6     2.0E13
5.569074291526175E-7      1.3579295799564465E-6    2.0E13
6.111045905354963E-7      1.3035718285691763E-6    2.0E13
6.65301751918375E-7       1.2492140771819056E-6    2.0E13
7.194989133012539E-7      1.1948563257946353E-6    2.0E13
7.736960746841327E-7      1.1404985744073649E-6    2.0E13
8.278932360670115E-7      1.0861408230200944E-6    2.0E13
4.934113814245133E-7      1.5107434558058904E-6    2.0E13
5.476085428073921E-7      1.45638570441862E-6      2.0E13
6.01805704190271E-7       1.4020279530313497E-6    2.0E13
6.560028655731498E-7      1.347670201644079E-6     2.0E13
7.102000269560286E-7      1.2933124502568088E-6    2.0E13
7.643971883389074E-7      1.2389546988695383E-6    2.0E13
8.185943497217862E-7      1.1845969474822678E-6    2.0E13
5.383096564621669E-7      1.5548418288807932E-6    2.0E13
5.925068178450457E-7      1.500484077493523E-6     2.0E13
6.467039792279245E-7      1.4461263261062522E-6    2.0E13
7.009011406108033E-7      1.391768574718982E-6     2.0E13
7.55098301993682E-7       1.3374108233317115E-6    2.0E13
8.092954633765609E-7      1.283053071944441E-6     2.0E13
5.832079314998204E-7      1.5989402019556961E-6    2.0E13
6.374050928826993E-7      1.5445824505684257E-6    2.0E13
6.916022542655781E-7      1.4902246991811554E-6    2.0E13
7.457994156484568E-7      1.4358669477938847E-6    2.0E13
7.999965770313356E-7      1.3815091964066145E-6    2.0E13
6.28106206537474E-7       1.6430385750305991E-6    2.0E13
6.823033679203528E-7      1.5886808236433286E-6    2.0E13
7.365005293032315E-7      1.5343230722560582E-6    2.0E13
7.906976906861103E-7      1.4799653208687877E-6    2.0E13
6.730044815751273E-7      1.6871369481055019E-6    2.0E13
7.272016429580061E-7      1.6327791967182314E-6    2.0E13
7.81398804340885E-7       1.578421445330961E-6     2.0E13
7.179027566127809E-7      1.7312353211804048E-6    2.0E13
7.720999179956597E-7      1.6768775697931344E-6    2.0E13
7.628010316504344E-7      1.7753336942553076E-6    2.0E13
3.980612524682091E-7      1.5388267440239768E-6    2.0E13
4.429595275058626E-7      1.5829251170988797E-6    2.0E13
4.878578025435161E-7      1.6270234901737827E-6    2.0E13
5.327560775811697E-7      1.6711218632486855E-6    2.0E13
5.776543526188231E-7      1.7152202363235884E-6    2.0E13
6.225526276564766E-7      1.7593186093984912E-6    2.0E13
6.674509026941301E-7      1.8034169824733942E-6    2.0E13
3.476093985495583E-7      1.6110084053169663E-6    2.0E13
3.9250767358721177E-7     1.655106778391869E-6     2.0E13
4.374059486248653E-7      1.6992051514667718E-6    2.0E13
4.823042236625188E-7      1.743303524541675E-6     2.0E13
5.272024987001723E-7      1.7874018976165778E-6    2.0E13
5.721007737378258E-7      1.8315002706914805E-6    2.0E13
2.971575446309075E-7      1.6831900666099558E-6    2.0E13
3.42055819668561E-7       1.7272884396848586E-6    2.0E13
3.869540947062145E-7      1.7713868127597616E-6    2.0E13
4.31852369743868E-7       1.8154851858346643E-6    2.0E13
4.7675064478152155E-7     1.8595835589095673E-6    2.0E13
2.4670569071225666E-7     1.7553717279029452E-6    2.0E13
2.916039657499102E-7      1.7994701009778481E-6    2.0E13
3.3650224078756367E-7     1.8435684740527509E-6    2.0E13
3.814005158252172E-7      1.8876668471276536E-6    2.0E13
1.9625383679360589E-7     1.8275533891959345E-6    2.0E13
2.411521118312594E-7      1.8716517622708375E-6    2.0E13
2.860503868689129E-7      1.9157501353457402E-6    2.0E13
1.458019828749551E-7      1.899735050488924E-6     2.0E13
1.907002579126086E-7      1.9438334235638268E-6    2.0E13
9.53501289563043E-8       1.9719167117819133E-6    2.0E13
1.5568687226219912E-6     7.398981351881017E-7     2.0E13
1.4540577797348835E-6     7.752962156695044E-7     2.0E13
1.3512468368477757E-6     8.106942961509072E-7     2.0E13
1.2484358939606678E-6     8.4609237663231E-7       2.0E13
1.1456249510735602E-6     8.814904571137129E-7     2.0E13
1.0428140081864523E-6     9.168885375951156E-7     2.0E13
9.400030652993445E-7      9.522866180765183E-7     2.0E13
1.474408764433354E-6      6.518356283497643E-7     2.0E13
1.3715978215462462E-6     6.87233708831167E-7      2.0E13
1.2687868786591382E-6     7.226317893125699E-7     2.0E13
1.1659759357720307E-6     7.580298697939727E-7     2.0E13
1.0631649928849227E-6     7.934279502753754E-7     2.0E13
9.60354049997815E-7       8.288260307567782E-7     2.0E13
1.3919488062447167E-6     5.637731215114269E-7     2.0E13
1.2891378633576087E-6     5.991712019928297E-7     2.0E13
1.1863269204705012E-6     6.345692824742326E-7     2.0E13
1.0835159775833932E-6     6.699673629556353E-7     2.0E13
9.807050346962855E-7      7.05365443437038E-7      2.0E13
1.3094888480560794E-6     4.7571061467308956E-7    2.0E13
1.2066779051689717E-6     5.111086951544924E-7     2.0E13
1.1038669622818637E-6     5.465067756358952E-7     2.0E13
1.0010560193947562E-6     5.819048561172979E-7     2.0E13
1.2270288898674421E-6     3.876481078347522E-7     2.0E13
1.1242179469803342E-6     4.23046188316155E-7      2.0E13
1.0214070040932266E-6     4.584442687975578E-7     2.0E13
1.1445689316788047E-6     2.9958560099641486E-7    2.0E13
1.0417579887916971E-6     3.3498368147781765E-7    2.0E13
1.0621089734901676E-6     2.115230941580775E-7     2.0E13
6.139384594219541E-7      2.3361484109231588E-6    2.0E13
5.398544122125755E-7      2.284115311045838E-6     2.0E13
4.6577036500319704E-7     2.2320822111685174E-6    2.0E13
3.9168631779381844E-7     2.1800491112911966E-6    2.0E13
3.1760227058443994E-7     2.128016011413876E-6     2.0E13
2.435182233750614E-7      2.0759829115365548E-6    2.0E13
1.6943417616568283E-7     2.0239498116592345E-6    2.0E13
6.352045411688799E-7      2.2560320228277515E-6    2.0E13
5.611204939595013E-7      2.2039989229504308E-6    2.0E13
4.870364467501228E-7      2.1519658230731096E-6    2.0E13
4.129523995407442E-7      2.099932723195789E-6     2.0E13
3.3886835233136566E-7     2.047899623318468E-6     2.0E13
2.6478430512198716E-7     1.9958665234411475E-6    2.0E13
6.564706229158056E-7      2.1759156347323442E-6    2.0E13
5.82386575706427E-7       2.1238825348550235E-6    2.0E13
5.083025284970485E-7      2.0718494349777028E-6    2.0E13
4.3421848128767E-7        2.019816335100382E-6     2.0E13
3.6013443407829144E-7     1.967783235223061E-6     2.0E13
6.777367046627313E-7      2.095799246636937E-6     2.0E13
6.036526574533528E-7      2.0437661467596162E-6    2.0E13
5.295686102439743E-7      1.9917330468822955E-6    2.0E13
4.5548456303459577E-7     1.9396999470049748E-6    2.0E13
6.990027864096572E-7      2.0156828585415297E-6    2.0E13
6.249187392002787E-7      1.963649758664209E-6     2.0E13
5.508346919909E-7         1.9116166587868882E-6    2.0E13
7.202688681565829E-7      1.9355664704461224E-6    2.0E13
6.461848209472043E-7      1.8835333705688014E-6    2.0E13
7.415349499035086E-7      1.855450082350715E-6     2.0E13
6.690649901236536E-7      2.4034202226680604E-6    2.0E13
6.903310718705793E-7      2.323303834572653E-6     2.0E13
7.115971536175051E-7      2.243187446477246E-6     2.0E13
7.328632353644308E-7      2.1630710583818386E-6    2.0E13
7.541293171113567E-7      2.0829546702864313E-6    2.0E13
7.753953988582824E-7      2.002838282191024E-6     2.0E13
7.966614806052082E-7      1.9227218940956167E-6    2.0E13
8.179275623521339E-7      1.8426055060002094E-6    2.0E13
7.454576025722789E-7      2.390575646317555E-6     2.0E13
7.667236843192047E-7      2.310459258222148E-6     2.0E13
7.879897660661305E-7      2.2303428701267406E-6    2.0E13
8.092558478130562E-7      2.150226482031333E-6     2.0E13
8.30521929559982E-7       2.0701100939359256E-6    2.0E13
8.517880113069077E-7      1.9899937058405184E-6    2.0E13
8.730540930538335E-7      1.909877317745111E-6     2.0E13
8.218502150209042E-7      2.37773106996705E-6      2.0E13
8.431162967678299E-7      2.2976146818716423E-6    2.0E13
8.643823785147558E-7      2.217498293776235E-6     2.0E13
8.856484602616816E-7      2.1373819056808277E-6    2.0E13
9.069145420086073E-7      2.0572655175854204E-6    2.0E13
9.28180623755533E-7       1.977149129490013E-6     2.0E13
8.982428274695296E-7      2.3648864936165443E-6    2.0E13
9.195089092164553E-7      2.284770105521137E-6     2.0E13
9.40774990963381E-7       2.2046537174257297E-6    2.0E13
9.620410727103068E-7      2.1245373293303225E-6    2.0E13
9.833071544572325E-7      2.0444209412349148E-6    2.0E13
9.746354399181548E-7      2.3520419172660387E-6    2.0E13
9.959015216650805E-7      2.2719255291706314E-6    2.0E13
1.0171676034120062E-6     2.191809141075224E-6     2.0E13
1.038433685158932E-6      2.111692752979817E-6     2.0E13
1.0510280523667802E-6     2.339197340915533E-6     2.0E13
1.072294134113706E-6      2.2590809528201257E-6    2.0E13
1.0935602158606316E-6     2.1789645647247184E-6    2.0E13
1.1274206648154056E-6     2.3263527645650278E-6    2.0E13
1.1486867465623313E-6     2.2462363764696205E-6    2.0E13
1.2038132772640308E-6     2.313508188214522E-6     2.0E13
1.6464388084183383E-6     8.11787292343917E-7      2.0E13
1.6331979513275775E-6     9.190745299811353E-7     2.0E13
1.6199570942368168E-6     1.0263617676183535E-6    2.0E13
1.606716237146056E-6      1.1336490052555717E-6    2.0E13
1.5934753800552953E-6     1.24093624289279E-6      2.0E13
1.5802345229645344E-6     1.3482234805300081E-6    2.0E13
1.5669936658737736E-6     1.4555107181672263E-6    2.0E13
1.553752808783013E-6      1.5627979558044445E-6    2.0E13
1.5436278655312306E-6     8.471853728253199E-7     2.0E13
1.5303870084404697E-6     9.54472610462538E-7      2.0E13
1.517146151349709E-6      1.0617598480997563E-6    2.0E13
1.5039052942589482E-6     1.1690470857369745E-6    2.0E13
1.4906644371681873E-6     1.2763343233741925E-6    2.0E13
1.4774235800774267E-6     1.383621561011411E-6     2.0E13
1.4641827229866658E-6     1.4909087986486292E-6    2.0E13
1.4408169226441228E-6     8.825834533067226E-7     2.0E13
1.427576065553362E-6      9.89870690943941E-7      2.0E13
1.414335208462601E-6      1.0971579285811592E-6    2.0E13
1.4010943513718404E-6     1.2044451662183774E-6    2.0E13
1.3878534942810796E-6     1.3117324038555954E-6    2.0E13
1.374612637190319E-6      1.4190196414928138E-6    2.0E13
1.3380059797570149E-6     9.179815337881254E-7     2.0E13
1.3247651226662542E-6     1.0252687714253436E-6    2.0E13
1.3115242655754933E-6     1.1325560090625618E-6    2.0E13
1.2982834084847327E-6     1.23984324669978E-6      2.0E13
1.2850425513939718E-6     1.3471304843369982E-6    2.0E13
1.2351950368699071E-6     9.533796142695282E-7     2.0E13
1.2219541797791465E-6     1.0606668519067464E-6    2.0E13
1.2087133226883856E-6     1.1679540895439646E-6    2.0E13
1.1954724655976247E-6     1.2752413271811829E-6    2.0E13
1.1323840939827994E-6     9.88777694750931E-7      2.0E13
1.1191432368920385E-6     1.0960649323881493E-6    2.0E13
1.1059023798012778E-6     1.2033521700253675E-6    2.0E13
1.0295731510956916E-6     1.0241757752323337E-6    2.0E13
1.0163322940049307E-6     1.131463012869552E-6     2.0E13
9.267622082085838E-7      1.0595738557137365E-6    2.0E13
8.616700037920067E-7      1.7487667269489497E-6    2.0E13
8.70968890137232E-7       1.6503106024867763E-6    2.0E13
8.802677764824573E-7      1.551854478024603E-6     2.0E13
8.895666628276826E-7      1.4533983535624299E-6    2.0E13
8.988655491729079E-7      1.3549422291002564E-6    2.0E13
9.081644355181332E-7      1.2564861046380832E-6    2.0E13
9.174633218633585E-7      1.1580299801759098E-6    2.0E13
9.60538975933579E-7       1.7221997596425917E-6    2.0E13
9.698378622788044E-7      1.6237436351804187E-6    2.0E13
9.791367486240297E-7      1.5252875107182452E-6    2.0E13
9.88435634969255E-7       1.4268313862560718E-6    2.0E13
9.977345213144802E-7      1.3283752617938988E-6    2.0E13
1.0070334076597055E-6     1.2299191373317254E-6    2.0E13
1.0594079480751513E-6     1.695632792336234E-6     2.0E13
1.0687068344203766E-6     1.5971766678740608E-6    2.0E13
1.0780057207656018E-6     1.4987205434118874E-6    2.0E13
1.0873046071108273E-6     1.4002644189497142E-6    2.0E13
1.0966034934560526E-6     1.301808294487541E-6     2.0E13
1.1582769202167237E-6     1.669065825029876E-6     2.0E13
1.167575806561949E-6      1.5706097005677027E-6    2.0E13
1.1768746929071742E-6     1.4721535761055295E-6    2.0E13
1.1861735792523995E-6     1.373697451643356E-6     2.0E13
1.257145892358296E-6      1.6424988577235181E-6    2.0E13
1.2664447787035213E-6     1.5440427332613449E-6    2.0E13
1.2757436650487466E-6     1.4455866087991717E-6    2.0E13
1.3560148644998684E-6     1.6159318904171605E-6    2.0E13
1.3653137508450937E-6     1.5174757659549872E-6    2.0E13
1.4548838366414405E-6     1.5893649231108024E-6    2.0E13
9.167965344937063E-7      1.8160385386938514E-6    2.0E13
1.0156655066352786E-6     1.7894715713874937E-6    2.0E13
1.1145344787768508E-6     1.7629046040811359E-6    2.0E13
1.2134034509184231E-6     1.7363376367747778E-6    2.0E13
1.3122724230599955E-6     1.70977066946842E-6      2.0E13
1.4111413952015678E-6     1.683203702162062E-6     2.0E13
1.51001036734314E-6       1.6566367348557042E-6    2.0E13
9.71923065195406E-7       1.8833103504387532E-6    2.0E13
1.0707920373369783E-6     1.8567433831323954E-6    2.0E13
1.1696610094785504E-6     1.8301764158260375E-6    2.0E13
1.2685299816201226E-6     1.8036094485196796E-6    2.0E13
1.367398953761695E-6      1.7770424812133218E-6    2.0E13
1.4662679259032673E-6     1.750475513906964E-6     2.0E13
1.0270495958971054E-6     1.9505821621836553E-6    2.0E13
1.1259185680386778E-6     1.924015194877297E-6     2.0E13
1.2247875401802501E-6     1.8974482275709396E-6    2.0E13
1.3236565123218223E-6     1.8708812602645815E-6    2.0E13
1.4225254844633946E-6     1.8443142929582236E-6    2.0E13
1.0821761265988049E-6     2.017853973928557E-6     2.0E13
1.1810450987403772E-6     1.991287006622199E-6     2.0E13
1.2799140708819496E-6     1.964720039315841E-6     2.0E13
1.378783043023522E-6      1.9381530720094833E-6    2.0E13
1.1373026573005043E-6     2.0851257856734585E-6    2.0E13
1.2361716294420767E-6     2.058558818367101E-6     2.0E13
1.335040601583649E-6      2.031991851060743E-6     2.0E13
1.192429188002204E-6      2.1523975974183606E-6    2.0E13
1.2912981601437763E-6     2.1258306301120027E-6    2.0E13
1.2475557187039037E-6     2.2196694091632626E-6    2.0E13
2.195982249969818E-6      1.1130296962374203E-6    2.0E13
2.1157035698214674E-6     1.1692507286832983E-6    2.0E13
2.0354248896731168E-6     1.2254717611291762E-6    2.0E13
1.955146209524766E-6      1.2816927935750544E-6    2.0E13
1.8748675293764154E-6     1.3379138260209324E-6    2.0E13
1.7945888492280647E-6     1.3941348584668104E-6    2.0E13
1.7143101690797143E-6     1.4503558909126886E-6    2.0E13
1.6340314889313634E-6     1.5065769233585666E-6    2.0E13
2.1289444269122283E-6     1.06196349104608E-6      2.0E13
2.0486657467638776E-6     1.118184523491958E-6     2.0E13
1.968387066615527E-6      1.174405555937836E-6     2.0E13
1.8881083864671763E-6     1.2306265883837142E-6    2.0E13
1.8078297063188256E-6     1.2868476208295922E-6    2.0E13
1.727551026170475E-6      1.3430686532754702E-6    2.0E13
1.6472723460221244E-6     1.3992896857213483E-6    2.0E13
2.0619066038546385E-6     1.0108972858547398E-6    2.0E13
1.981627923706288E-6      1.067118318300618E-6     2.0E13
1.901349243557937E-6      1.123339350746496E-6     2.0E13
1.8210705634095865E-6     1.179560383192374E-6     2.0E13
1.7407918832612358E-6     1.2357814156382522E-6    2.0E13
1.660513203112885E-6      1.29200244808413E-6      2.0E13
1.9948687807970487E-6     9.598310806633998E-7     2.0E13
1.914590100648698E-6      1.0160521131092778E-6    2.0E13
1.8343114205003473E-6     1.0722731455551557E-6    2.0E13
1.7540327403519966E-6     1.128494178001034E-6     2.0E13
1.673754060203646E-6      1.184715210446912E-6     2.0E13
1.9278309577394584E-6     9.087648754720596E-7     2.0E13
1.8475522775911078E-6     9.649859079179375E-7     2.0E13
1.767273597442757E-6      1.0212069403638157E-6    2.0E13
1.6869949172944066E-6     1.0774279728096937E-6    2.0E13
1.8607931346818686E-6     8.576986702807193E-7     2.0E13
1.780514454533518E-6      9.139197027265974E-7     2.0E13
1.7002357743851675E-6     9.701407351724755E-7     2.0E13
1.7937553116242788E-6     8.066324650893792E-7     2.0E13
1.7134766314759281E-6     8.628534975352573E-7     2.0E13
1.726717488566689E-6      7.555662598980391E-7     2.0E13
2.2822007933974484E-6     5.811302132535583E-7     2.0E13
2.1932692036991126E-6     5.987544763182926E-7     2.0E13
2.104337614000777E-6      6.16378739383027E-7      2.0E13
2.015406024302441E-6      6.340030024477614E-7     2.0E13
1.926474434604106E-6      6.516272655124957E-7     2.0E13
1.8375428449057702E-6     6.692515285772301E-7     2.0E13
1.7486112552074345E-6     6.868757916419645E-7     2.0E13
2.2358092455104752E-6     5.106919694799552E-7     2.0E13
2.1468776558121395E-6     5.283162325446896E-7     2.0E13
2.0579460661138042E-6     5.45940495609424E-7      2.0E13
1.9690144764154685E-6     5.635647586741583E-7     2.0E13
1.8800828867171328E-6     5.811890217388927E-7     2.0E13
1.7911512970187975E-6     5.988132848036271E-7     2.0E13
2.189417697623502E-6      4.4025372570635226E-7    2.0E13
2.100486107925167E-6      4.578779887710866E-7     2.0E13
2.011554518226831E-6      4.75502251835821E-7      2.0E13
1.9226229285284954E-6     4.931265149005554E-7     2.0E13
1.8336913388301599E-6     5.107507779652898E-7     2.0E13
2.1430261497365294E-6     3.6981548193274927E-7    2.0E13
2.0540945600381937E-6     3.8743974499748363E-7    2.0E13
1.965162970339858E-6      4.05064008062218E-7      2.0E13
1.8762313806415227E-6     4.226882711269524E-7     2.0E13
2.0966346018495563E-6     2.993772381591463E-7     2.0E13
2.0077030121512206E-6     3.170015012238807E-7     2.0E13
1.9187714224528853E-6     3.3462576428861505E-7    2.0E13
2.0502430539625836E-6     2.289389943855433E-7     2.0E13
1.9613114642642483E-6     2.465632574502777E-7     2.0E13
2.0038515060756104E-6     1.5850075061194035E-7    2.0E13
2.2178760166105636E-6     1.0443392279813457E-6    2.0E13
2.1508381935529738E-6     9.932730227900055E-7     2.0E13
2.083800370495384E-6      9.422068175986653E-7     2.0E13
2.016762547437794E-6      8.911406124073252E-7     2.0E13
1.9497247243802043E-6     8.40074407215985E-7      2.0E13
1.8826869013226145E-6     7.890082020246447E-7     2.0E13
1.8156490782650243E-6     7.379419968333046E-7     2.0E13
2.2397697832513095E-6     9.75648759725271E-7      2.0E13
2.1727319601937197E-6     9.24582554533931E-7      2.0E13
2.1056941371361294E-6     8.735163493425908E-7     2.0E13
2.0386563140785396E-6     8.224501441512507E-7     2.0E13
1.97161849102095E-6       7.713839389599105E-7     2.0E13
1.9045806679633602E-6     7.203177337685702E-7     2.0E13
2.2616635498920554E-6     9.069582914691966E-7     2.0E13
2.194625726834465E-6      8.558920862778564E-7     2.0E13
2.1275879037768754E-6     8.048258810865162E-7     2.0E13
2.0605500807192855E-6     7.537596758951761E-7     2.0E13
1.9935122576616957E-6     7.026934707038359E-7     2.0E13
2.283557316532801E-6      8.382678232131221E-7     2.0E13
2.216519493475211E-6      7.872016180217819E-7     2.0E13
2.1494816704176213E-6     7.361354128304416E-7     2.0E13
2.0824438473600314E-6     6.850692076391015E-7     2.0E13
2.3054510831735464E-6     7.695773549570475E-7     2.0E13
2.2384132601159565E-6     7.185111497657073E-7     2.0E13
2.1713754370583667E-6     6.674449445743672E-7     2.0E13
2.3273448498142923E-6     7.008868867009729E-7     2.0E13
2.2603070267567024E-6     6.498206815096327E-7     2.0E13
2.349238616455038E-6      6.321964184448984E-7     2.0E13
7.19980942914275E-7       2.47638712279074E-6      2.0E13
7.963735553629004E-7      2.4635425464402345E-6    2.0E13
8.727661678115257E-7      2.450697970089729E-6     2.0E13
9.49158780260151E-7       2.4378533937392232E-6    2.0E13
1.0255513927087762E-6     2.4250088173887176E-6    2.0E13
1.1019440051574016E-6     2.4121642410382128E-6    2.0E13
1.178336617606027E-6      2.399319664687707E-6     2.0E13
7.708968957048965E-7      2.549354022913419E-6     2.0E13
8.472895081535217E-7      2.5365094465629135E-6    2.0E13
9.236821206021471E-7      2.5236648702124082E-6    2.0E13
1.0000747330507725E-6     2.5108202938619026E-6    2.0E13
1.0764673454993977E-6     2.497975717511397E-6     2.0E13
1.1528599579480231E-6     2.4851311411608917E-6    2.0E13
8.21812848495518E-7       2.622320923036098E-6     2.0E13
8.982054609441433E-7      2.609476346685593E-6     2.0E13
9.745980733927686E-7      2.5966317703350876E-6    2.0E13
1.050990685841394E-6      2.583787193984582E-6     2.0E13
1.1273832982900192E-6     2.5709426176340763E-6    2.0E13
8.727288012861395E-7      2.695287823158778E-6     2.0E13
9.491214137347648E-7      2.682443246808272E-6     2.0E13
1.02551402618339E-6       2.6695986704577665E-6    2.0E13
1.1019066386320155E-6     2.656754094107261E-6     2.0E13
9.236447540767608E-7      2.7682547232814568E-6    2.0E13
1.0000373665253861E-6     2.755410146930951E-6     2.0E13
1.0764299789740115E-6     2.742565570580446E-6     2.0E13
9.745607068673824E-7      2.841221623404136E-6     2.0E13
1.0509533193160076E-6     2.8283770470536305E-6    2.0E13
1.0254766596580039E-6     2.9141885235268155E-6    2.0E13
1.4743532167272743E-6     2.60754540373723E-6      2.0E13
1.410227994288807E-6      2.6513515637071703E-6    2.0E13
1.3461027718503399E-6     2.6951577236771115E-6    2.0E13
1.2819775494118727E-6     2.738963883647052E-6     2.0E13
1.2178523269734055E-6     2.782770043616993E-6     2.0E13
1.1537271045349383E-6     2.8265762035869336E-6    2.0E13
1.089601882096471E-6      2.8703823635568743E-6    2.0E13
1.4357046539468108E-6     2.5655400872339857E-6    2.0E13
1.371579431508344E-6      2.609346247203927E-6     2.0E13
1.3074542090698764E-6     2.653152407173867E-6     2.0E13
1.2433289866314092E-6     2.6969585671438083E-6    2.0E13
1.179203764192942E-6      2.740764727113749E-6     2.0E13
1.1150785417544748E-6     2.7845708870836898E-6    2.0E13
1.3970560911663477E-6     2.5235347707307423E-6    2.0E13
1.3329308687278803E-6     2.5673409307006826E-6    2.0E13
1.2688056462894131E-6     2.6111470906706237E-6    2.0E13
1.204680423850946E-6      2.654953250640564E-6     2.0E13
1.1405552014124787E-6     2.698759410610505E-6     2.0E13
1.3584075283858843E-6     2.481529454227498E-6     2.0E13
1.294282305947417E-6      2.5253356141974387E-6    2.0E13
1.2301570835089499E-6     2.5691417741673794E-6    2.0E13
1.1660318610704827E-6     2.6129479341373206E-6    2.0E13
1.3197589656054208E-6     2.4395241377242537E-6    2.0E13
1.2556337431669536E-6     2.483330297694195E-6     2.0E13
1.1915085207284864E-6     2.5271364576641356E-6    2.0E13
1.2811104028249575E-6     2.3975188212210103E-6    2.0E13
1.2169851803864903E-6     2.441324981190951E-6     2.0E13
1.2424618400444942E-6     2.355513504717766E-6     2.0E13
1.8481938407669204E-6     2.2846946927473733E-6    2.0E13
1.7676462703290591E-6     2.288296379680767E-6     2.0E13
1.687098699891198E-6      2.2918980666141603E-6    2.0E13
1.6065511294533368E-6     2.295499753547554E-6     2.0E13
1.5260035590154755E-6     2.2991014404809477E-6    2.0E13
1.4454559885776142E-6     2.3027031274143414E-6    2.0E13
1.3649084181397531E-6     2.306304814347735E-6     2.0E13
1.284360847701892E-6      2.3099065012811284E-6    2.0E13
1.811388711768932E-6      2.1944576006295075E-6    2.0E13
1.7308411413310707E-6     2.198059287562901E-6     2.0E13
1.6502935708932097E-6     2.2016609744962945E-6    2.0E13
1.5697460004553484E-6     2.2052626614296882E-6    2.0E13
1.489198430017487E-6      2.208864348363082E-6     2.0E13
1.408650859579626E-6      2.2124660352964752E-6    2.0E13
1.3281032891417647E-6     2.216067722229869E-6     2.0E13
1.7745835827709434E-6     2.104220508511641E-6     2.0E13
1.6940360123330821E-6     2.1078221954450346E-6    2.0E13
1.613488441895221E-6      2.1114238823784283E-6    2.0E13
1.5329408714573598E-6     2.115025569311822E-6     2.0E13
1.4523933010194987E-6     2.1186272562452153E-6    2.0E13
1.3718457305816374E-6     2.122228943178609E-6     2.0E13
1.737778453772955E-6      2.013983416393775E-6     2.0E13
1.657230883335094E-6      2.017585103327169E-6     2.0E13
1.5766833128972327E-6     2.021186790260562E-6     2.0E13
1.4961357424593716E-6     2.024788477193956E-6     2.0E13
1.4155881720215103E-6     2.0283901641273495E-6    2.0E13
1.7009733247749666E-6     1.923746324275909E-6     2.0E13
1.6204257543371054E-6     1.9273480112093026E-6    2.0E13
1.539878183899244E-6      1.9309496981426963E-6    2.0E13
1.459330613461383E-6      1.93455138507609E-6      2.0E13
1.6641681957769783E-6     1.8335092321580427E-6    2.0E13
1.583620625339117E-6      1.8371109190914364E-6    2.0E13
1.5030730549012557E-6     1.84071260602483E-6      2.0E13
1.6273630667789899E-6     1.743272140040177E-6     2.0E13
1.5468154963411286E-6     1.7468738269735704E-6    2.0E13
1.5905579377810013E-6     1.6530350479223107E-6    2.0E13
1.5549007871651356E-6     2.6039437168038363E-6    2.0E13
1.516252224384672E-6      2.561938400300592E-6     2.0E13
1.477603661604209E-6      2.519933083797348E-6     2.0E13
1.4389550988237455E-6     2.4779277672941043E-6    2.0E13
1.400306536043282E-6      2.43592245079086E-6      2.0E13
1.3616579732628186E-6     2.393917134287616E-6     2.0E13
1.3230094104823553E-6     2.3519118177843723E-6    2.0E13
1.5967997948225334E-6     2.5583367133671987E-6    2.0E13
1.55815123204207E-6       2.516331396863955E-6     2.0E13
1.5195026692616068E-6     2.474326080360711E-6     2.0E13
1.4808541064811433E-6     2.4323207638574667E-6    2.0E13
1.4422055437006799E-6     2.390315447354223E-6     2.0E13
1.4035569809202166E-6     2.348310130850979E-6     2.0E13
1.6386988024799312E-6     2.512729709930561E-6     2.0E13
1.6000502396994677E-6     2.470724393427317E-6     2.0E13
1.5614016769190044E-6     2.428719076924073E-6     2.0E13
1.5227531141385412E-6     2.386713760420829E-6     2.0E13
1.4841045513580777E-6     2.3447084439175853E-6    2.0E13
1.680597810137329E-6      2.4671227064939236E-6    2.0E13
1.6419492473568655E-6     2.4251173899906797E-6    2.0E13
1.6033006845764024E-6     2.3831120734874354E-6    2.0E13
1.564652121795939E-6      2.341106756984192E-6     2.0E13
1.7224968177947268E-6     2.421515703057286E-6     2.0E13
1.6838482550142635E-6     2.379510386554042E-6     2.0E13
1.6451996922338E-6        2.3375050700507983E-6    2.0E13
1.7643958254521246E-6     2.3759086996206485E-6    2.0E13
1.7257472626716613E-6     2.3339033831174046E-6    2.0E13
1.8062948331095226E-6     2.330301696184011E-6     2.0E13
2.217548884966071E-6      1.1940165502894873E-6    2.0E13
2.239115519962324E-6      1.2750034043415541E-6    2.0E13
2.2606821549585767E-6     1.3559902583936211E-6    2.0E13
2.282248789954829E-6      1.436977112445688E-6     2.0E13
2.303815424951082E-6      1.517963966497755E-6     2.0E13
2.3253820599473344E-6     1.598950820549822E-6     2.0E13
2.3469486949435872E-6     1.6799376746018888E-6    2.0E13
2.1372702048177203E-6     1.2502375827353653E-6    2.0E13
2.158836839813973E-6      1.331224436787432E-6     2.0E13
2.180403474810226E-6      1.412211290839499E-6     2.0E13
2.2019701098064784E-6     1.493198144891566E-6     2.0E13
2.2235367448027313E-6     1.574184998943633E-6     2.0E13
2.245103379798984E-6      1.6551718529957E-6       2.0E13
2.2666700147952366E-6     1.7361587070477668E-6    2.0E13
2.0569915246693696E-6     1.3064586151812433E-6    2.0E13
2.0785581596656225E-6     1.3874454692333103E-6    2.0E13
2.1001247946618753E-6     1.468432323285377E-6     2.0E13
2.1216914296581277E-6     1.5494191773374439E-6    2.0E13
2.1432580646543806E-6     1.6304060313895111E-6    2.0E13
2.1648246996506335E-6     1.711392885441578E-6     2.0E13
1.976712844521019E-6      1.3626796476271212E-6    2.0E13
1.9982794795172718E-6     1.4436665016791883E-6    2.0E13
2.0198461145135246E-6     1.5246533557312553E-6    2.0E13
2.0414127495097775E-6     1.605640209783322E-6     2.0E13
2.06297938450603E-6       1.686627063835389E-6     2.0E13
1.8964341643726683E-6     1.4189006800729994E-6    2.0E13
1.918000799368921E-6      1.4998875341250662E-6    2.0E13
1.9395674343651735E-6     1.5808743881771333E-6    2.0E13
1.9611340693614264E-6     1.6618612422292003E-6    2.0E13
1.8161554842243176E-6     1.4751217125188772E-6    2.0E13
1.8377221192205704E-6     1.5561085665709442E-6    2.0E13
1.859288754216823E-6      1.6370954206230112E-6    2.0E13
1.735876804075967E-6      1.5313427449647554E-6    2.0E13
1.7574434390722198E-6     1.6123295990168224E-6    2.0E13
1.6555981239276162E-6     1.5875637774106336E-6    2.0E13
1.9132340269135353E-6     2.219223422235696E-6     2.0E13
1.876428897915547E-6      2.12898633011783E-6      2.0E13
1.8396237689175584E-6     2.0387492379999637E-6    2.0E13
1.80281863991957E-6       1.948512145882098E-6     2.0E13
1.7660135109215816E-6     1.8582750537642318E-6    2.0E13
1.7292083819235932E-6     1.7680379616463658E-6    2.0E13
1.6924032529256048E-6     1.6778008695284998E-6    2.0E13
1.97827421306015E-6       2.153752151724019E-6     2.0E13
1.941469084062162E-6      2.0635150596061528E-6    2.0E13
1.9046639550641735E-6     1.973277967488287E-6     2.0E13
1.867858826066185E-6      1.8830408753704206E-6    2.0E13
1.8310536970681965E-6     1.7928037832525544E-6    2.0E13
1.7942485680702081E-6     1.7025666911346884E-6    2.0E13
2.043314399206765E-6      2.088280881212342E-6     2.0E13
2.006509270208777E-6      1.9980437890944756E-6    2.0E13
1.9697041412107884E-6     1.9078066969766094E-6    2.0E13
1.9328990122128E-6        1.8175696048587436E-6    2.0E13
1.8960938832148115E-6     1.7273325127408774E-6    2.0E13
2.1083545853533804E-6     2.0228096107006647E-6    2.0E13
2.0715494563553915E-6     1.9325725185827985E-6    2.0E13
2.0347443273574036E-6     1.8423354264649323E-6    2.0E13
1.9979391983594148E-6     1.7520983343470665E-6    2.0E13
2.173394771499995E-6      1.957338340188987E-6     2.0E13
2.1365896425020067E-6     1.8671012480711213E-6    2.0E13
2.0997845135040183E-6     1.776864155953255E-6     2.0E13
2.2384349576466102E-6     1.8918670696773103E-6    2.0E13
2.201629828648622E-6      1.8016299775594441E-6    2.0E13
2.303475143793225E-6      1.826395799165633E-6     2.0E13
2.2964844687235905E-6     1.0989009842077428E-6    2.0E13
2.396986687477364E-6      1.0847722721780654E-6    2.0E13
2.4974889062311362E-6     1.070643560148388E-6     2.0E13
2.597991124984909E-6      1.0565148481187104E-6    2.0E13
2.698493343738682E-6      1.042386136089033E-6     2.0E13
2.7989955624924544E-6     1.0282574240593557E-6    2.0E13
2.8994977812462276E-6     1.0141287120296783E-6    2.0E13
2.3180511037198434E-6     1.1798878382598098E-6    2.0E13
2.4185533224736167E-6     1.1657591262301324E-6    2.0E13
2.519055541227389E-6      1.151630414200455E-6     2.0E13
2.6195577599811615E-6     1.1375017021707775E-6    2.0E13
2.720059978734935E-6      1.1233729901411E-6       2.0E13
2.8205621974887072E-6     1.1092442781114227E-6    2.0E13
2.3396177387160962E-6     1.2608746923118766E-6    2.0E13
2.440119957469869E-6      1.2467459802821992E-6    2.0E13
2.540622176223642E-6      1.232617268252522E-6     2.0E13
2.641124394977415E-6      1.2184885562228445E-6    2.0E13
2.7416266137311872E-6     1.204359844193167E-6     2.0E13
2.361184373712349E-6      1.3418615463639437E-6    2.0E13
2.4616865924661215E-6     1.3277328343342662E-6    2.0E13
2.562188811219895E-6      1.3136041223045887E-6    2.0E13
2.6626910299736672E-6     1.2994754102749113E-6    2.0E13
2.382751008708602E-6      1.4228484004160105E-6    2.0E13
2.4832532274623744E-6     1.408719688386333E-6     2.0E13
2.5837554462161472E-6     1.3945909763566558E-6    2.0E13
2.404317643704855E-6      1.5038352544680775E-6    2.0E13
2.5048198624586272E-6     1.4897065424384E-6       2.0E13
2.4258842787011072E-6     1.5848221085201445E-6    2.0E13
2.427847068568065E-6      6.867581746712955E-7     2.0E13
2.506455520681092E-6      7.413199308976926E-7     2.0E13
2.585063972794119E-6      7.958816871240897E-7     2.0E13
2.6636724249071464E-6     8.504434433504869E-7     2.0E13
2.7422808770201733E-6     9.05005199576884E-7      2.0E13
2.8208893291332003E-6     9.595669558032811E-7     2.0E13
2.405953301927319E-6      7.554486429273701E-7     2.0E13
2.4845617540403466E-6     8.100103991537672E-7     2.0E13
2.563170206153373E-6      8.645721553801643E-7     2.0E13
2.6417786582664005E-6     9.191339116065615E-7     2.0E13
2.720387110379428E-6      9.736956678329584E-7     2.0E13
2.3840595352865737E-6     8.241391111834446E-7     2.0E13
2.4626679873996007E-6     8.787008674098418E-7     2.0E13
2.5412764395126276E-6     9.332626236362389E-7     2.0E13
2.6198848916256546E-6     9.878243798626358E-7     2.0E13
2.362165768645828E-6      8.928295794395191E-7     2.0E13
2.4407742207588548E-6     9.473913356659163E-7     2.0E13
2.519382672871882E-6      1.0019530918923135E-6    2.0E13
2.3402720020050823E-6     9.615200476955936E-7     2.0E13
2.4188804541181093E-6     1.0160818039219908E-6    2.0E13
2.3183782353643364E-6     1.0302105159516682E-6    2.0E13
1.6157755647266682E-6     2.6477498767737766E-6    2.0E13
1.6576745723840662E-6     2.6021428733371395E-6    2.0E13
1.6995735800414638E-6     2.5565358699005015E-6    2.0E13
1.7414725876988616E-6     2.5109288664638643E-6    2.0E13
1.7833715953562594E-6     2.465321863027227E-6     2.0E13
1.8252706030136575E-6     2.419714859590589E-6     2.0E13
1.8671696106710553E-6     2.374107856153952E-6     2.0E13
1.6766503422882013E-6     2.6915560367437178E-6    2.0E13
1.7185493499455991E-6     2.64594903330708E-6      2.0E13
1.7604483576029965E-6     2.6003420298704426E-6    2.0E13
1.8023473652603947E-6     2.554735026433805E-6     2.0E13
1.8442463729177925E-6     2.5091280229971675E-6    2.0E13
1.8861453805751903E-6     2.46352101956053E-6      2.0E13
1.737525119849734E-6      2.735362196713659E-6     2.0E13
1.7794241275071318E-6     2.689755193277021E-6     2.0E13
1.8213231351645296E-6     2.6441481898403838E-6    2.0E13
1.8632221428219274E-6     2.5985411864037458E-6    2.0E13
1.9051211504793252E-6     2.5529341829671086E-6    2.0E13
1.7983998974112666E-6     2.779168356683599E-6     2.0E13
1.8402989050686644E-6     2.733561353246962E-6     2.0E13
1.8821979127260622E-6     2.687954349810324E-6     2.0E13
1.92409692038346E-6       2.642347346373687E-6     2.0E13
1.8592746749727995E-6     2.8229745166535403E-6    2.0E13
1.9011736826301973E-6     2.7773675132169023E-6    2.0E13
1.943072690287595E-6      2.731760509780265E-6     2.0E13
1.9201494525343324E-6     2.866780676623481E-6     2.0E13
1.96204846019173E-6       2.8211736731868435E-6    2.0E13
1.981024230095865E-6      2.9105868365934218E-6    2.0E13
2.3681294171009813E-6     2.3982691523249E-6       2.0E13
2.2938529061961155E-6     2.3820442295281107E-6    2.0E13
2.2195763952912497E-6     2.3658193067313213E-6    2.0E13
2.145299884386384E-6      2.3495943839345314E-6    2.0E13
2.071023373481518E-6      2.333369461137742E-6     2.0E13
1.9967468625766522E-6     2.3171445383409526E-6    2.0E13
1.9224703516717864E-6     2.300919615544163E-6     2.0E13
2.433169603247596E-6      2.332797881813223E-6     2.0E13
2.35889309234273E-6       2.3165729590164335E-6    2.0E13
2.2846165814378644E-6     2.300348036219644E-6     2.0E13
2.2103400705329986E-6     2.2841231134228543E-6    2.0E13
2.1360635596281328E-6     2.267898190626065E-6     2.0E13
2.061787048723267E-6      2.2516732678292754E-6    2.0E13
1.987510537818401E-6      2.2354483450324856E-6    2.0E13
2.4239332784893453E-6     2.2511016885047564E-6    2.0E13
2.3496567675844795E-6     2.234876765707967E-6     2.0E13
2.2753802566796137E-6     2.2186518429111775E-6    2.0E13
2.201103745774748E-6      2.2024269201143877E-6    2.0E13
2.126827234869882E-6      2.1862019973175983E-6    2.0E13
2.052550723965016E-6      2.169977074520809E-6     2.0E13
2.4146969537310947E-6     2.1694054951962898E-6    2.0E13
2.340420442826229E-6      2.1531805723995E-6       2.0E13
2.266143931921363E-6      2.1369556496027105E-6    2.0E13
2.1918674210164973E-6     2.120730726805921E-6     2.0E13
2.1175909101116314E-6     2.1045058040091312E-6    2.0E13
2.4054606289728436E-6     2.0877093018878228E-6    2.0E13
2.3311841180679778E-6     2.0714843790910334E-6    2.0E13
2.256907607163112E-6      2.0552594562942435E-6    2.0E13
2.182631096258246E-6      2.039034533497454E-6     2.0E13
2.3962243042145925E-6     2.006013108579356E-6     2.0E13
2.3219477933097267E-6     1.9897881857825668E-6    2.0E13
2.247671282404861E-6      1.973563262985777E-6     2.0E13
2.386987979456342E-6      1.9243169152708896E-6    2.0E13
2.312711468551476E-6      1.9080919924740998E-6    2.0E13
2.3777516546980908E-6     1.8426207219624226E-6    2.0E13
1.941446121575921E-6      2.390332778950741E-6     2.0E13
2.015722632480787E-6      2.406557701747531E-6     2.0E13
2.089999143385653E-6      2.4227826245443207E-6    2.0E13
2.164275654290519E-6      2.4390075473411097E-6    2.0E13
2.2385521651953847E-6     2.4552324701378996E-6    2.0E13
2.3128286761002505E-6     2.4714573929346894E-6    2.0E13
1.960421891480056E-6      2.4797459423573197E-6    2.0E13
2.034698402384922E-6      2.495970865154109E-6     2.0E13
2.1089749132897878E-6     2.5121957879508986E-6    2.0E13
2.1832514241946536E-6     2.5284207107476884E-6    2.0E13
2.2575279350995194E-6     2.544645633544478E-6     2.0E13
1.979397661384191E-6      2.5691591057638976E-6    2.0E13
2.053674172289057E-6      2.5853840285606875E-6    2.0E13
2.127950683193923E-6      2.6016089513574773E-6    2.0E13
2.2022271940987886E-6     2.6178338741542667E-6    2.0E13
1.998373431288326E-6      2.6585722691704763E-6    2.0E13
2.0726499421931917E-6     2.6747971919672658E-6    2.0E13
2.1469264530980575E-6     2.6910221147640556E-6    2.0E13
2.017349201192461E-6      2.7479854325770546E-6    2.0E13
2.0916257120973267E-6     2.764210355373844E-6     2.0E13
2.036324971096596E-6      2.837398595983633E-6     2.0E13
2.456687238455611E-6      1.8725051558806784E-6    2.0E13
2.5356228222131308E-6     1.9023895897989338E-6    2.0E13
2.614558405970651E-6      1.932274023717189E-6     2.0E13
2.6934939897281708E-6     1.962158457635445E-6     2.0E13
2.772429573485691E-6      1.9920428915537003E-6    2.0E13
2.8513651572432107E-6     2.021927325471956E-6     2.0E13
2.465923563213862E-6      1.9542013491891446E-6    2.0E13
2.544859146971382E-6      1.9840857831074004E-6    2.0E13
2.623794730728902E-6      2.013970217025656E-6     2.0E13
2.702730314486422E-6      2.0438546509439116E-6    2.0E13
2.781665898243942E-6      2.0737390848621674E-6    2.0E13
2.475159887972113E-6      2.0358975424976116E-6    2.0E13
2.5540954717296325E-6     2.0657819764158674E-6    2.0E13
2.633031055487153E-6      2.0956664103341228E-6    2.0E13
2.7119666392446725E-6     2.1255508442523786E-6    2.0E13
2.4843962127303636E-6     2.1175937358060786E-6    2.0E13
2.5633317964878836E-6     2.147478169724334E-6     2.0E13
2.6422673802454036E-6     2.1773626036425893E-6    2.0E13
2.4936325374886143E-6     2.1992899291145456E-6    2.0E13
2.5725681212461347E-6     2.229174363032801E-6     2.0E13
2.5028688622468653E-6     2.2809861224230118E-6    2.0E13
